u0=[2; 3];
t0=0;
tf=10;
N=1000;
t = [-100:0.1:1000]